Decision Tree model
    user  gesture     precision     recall     f_score
    ____  _______     _________     _______    _______

     1       1         0.84439      0.78421    0.81319
     1       2         0.64626      0.71078    0.67699
     1       3         0.92464      0.82823    0.87379
     1       4            0.99      0.91667    0.95192
     1       5         0.80808      0.86909    0.83747
     1       6               1            1          1
     1       7            0.75      0.98113    0.85014
     1       8          0.8648      0.89394    0.87913
     1       9         0.89116      0.82281    0.85562
     1      10          0.9949      0.96154    0.97793
     2       1         0.80416      0.83148    0.81759
     2       2           0.875      0.98624     0.9273
     2       3         0.61767      0.67825    0.64655
     2       4         0.76336      0.74542    0.75429
     2       5         0.76336      0.74542    0.75429
     2       6         0.82862       0.9261    0.87465
     2       7         0.81918      0.84494    0.83186
     2       8         0.68475      0.71759    0.70079
     2       9               1            1          1
     2      10         0.99057      0.92857    0.95857
     3       1          0.8287      0.92643    0.87484
     3       2         0.83333      0.98214    0.90164
     3       3         0.77315      0.79525    0.78404
     3       4         0.90741      0.90741    0.90741
     3       5         0.81944      0.84529    0.83217
     3       6         0.93519      0.83894    0.88445
     3       7         0.86574      0.89533    0.88029
     3       8         0.76852      0.76852    0.76852
     3       9         0.94444      0.88814    0.91543
     3      10          0.9537       0.9537     0.9537
     4       1         0.58441       0.6069    0.59544
     4       2         0.99561      0.96154    0.97828
     4       3         0.87946      0.87946    0.87946
     4       4         0.95711      0.95711    0.95711
     4       5         0.81696      0.92845    0.86915
     4       6         0.77851      0.82845     0.8027
     4       7         0.90789      0.90789    0.90789
     4       8         0.66886      0.64732    0.65791
     4       9         0.94518      0.88839     0.9159
     4      10          0.5943      0.61121    0.60263
     5       1         0.81481      0.81481    0.81481
     5       2         0.53704      0.70339    0.60906
     5       3         0.77315      0.79525    0.78404
     5       4         0.70833      0.67143    0.68939
     5       5            0.75      0.97368    0.84733
     5       6         0.81481      0.81481    0.81481
     5       7         0.87037      0.93636    0.90216
     5       8         0.77315      0.79525    0.78404
     5       9          0.8287      0.92643    0.87484
     5      10         0.87037      0.93636    0.90216
     6       1         0.99537      0.96875    0.98188
     6       2          0.9955      0.96154    0.97822
     6       3         0.83333      0.98261    0.90184
     6       4               1            1          1
     6       5               1            1          1
     6       6          0.8705      0.93673     0.9024
     6       7          0.9955      0.96154    0.97822
     6       8         0.90766      0.90766    0.90766
     6       9           0.625       0.9625    0.75787
     6      10               1            1          1
     7       1         0.74883      0.81538    0.78069
     7       2               1            1          1
     7       3         0.84104      0.88047     0.8603
     7       4         0.76538      0.91528    0.83365
     7       5         0.70653      0.84537    0.76974
     7       6         0.92857      0.99237    0.95941
     7       7         0.84615      0.98507    0.91034
     7       8         0.78047      0.79817    0.78922
     7       9         0.88077      0.94318    0.91091
     7      10         0.86737      0.89773    0.88229
     8       1         0.76477      0.91186    0.83186
     8       2         0.92576      0.79945    0.85798
     8       3          0.8149       0.7629    0.78805
     8       4         0.64045      0.74758    0.68988
     8       5         0.78724      0.91613    0.84681
     8       6          0.8283       0.8283     0.8283
     8       7         0.82891       0.9272     0.8753
     8       8         0.75623      0.73261    0.74423
     8       9         0.99558      0.96154    0.97826
     8      10         0.94368      0.87041    0.90557
     9       1         0.67411      0.87917     0.7631
     9       2               1            1          1
     9       3         0.68202      0.69684    0.68935
     9       4         0.76481      0.91208    0.83197
     9       5         0.95833      0.99565    0.97664
     9       6         0.84865      0.84865    0.84865
     9       7          0.9364       0.8392    0.88514
     9       8         0.72368      0.72368    0.72368
     9       9         0.95833      0.99565    0.97664
     9      10               1            1          1
    10       1         0.94373      0.86366    0.90192
    10       2         0.95833      0.99558     0.9766
    10       3         0.87054      0.93684    0.90247
    10       4         0.95703      0.95703    0.95703
    10       5         0.60714      0.67582    0.63965
    10       6         0.87054      0.93684    0.90247
    10       7         0.81101      0.78967     0.8002
    10       8         0.93601      0.83912    0.88492
    10       9         0.70833      0.97059    0.81898
    10      10         0.98214        0.875    0.92548
    11       1         0.88462       0.9876    0.93328
    11       2          0.9243      0.95306    0.93846
    11       3         0.76923      0.97581    0.86029
    11       4         0.83333      0.98374    0.90231
    11       5         0.80861      0.85399    0.83068
    11       6               1            1          1
    11       7         0.96154       0.9958    0.97837
    11       8         0.78326       0.8684    0.82364
    11       9         0.96154       0.9958    0.97837
    11      10         0.72653      0.90035    0.80415
    12       1         0.87159      0.79593    0.83204
    12       2               1            1          1
    12       3         0.87727      0.82171    0.84858
    12       4         0.94444      0.99444     0.9688
    12       5         0.93864      0.90334    0.92065
    12       6         0.48068      0.49014    0.48537
    12       7         0.67166      0.62443    0.64719
    12       8         0.79401      0.71312    0.75139
    12       9         0.95455      0.99432    0.97403
    12      10         0.54432      0.62456    0.58169
    13       1         0.92308      0.99138    0.95601
    13       2         0.80815      0.85326     0.8301
    13       3               1            1          1
    13       4         0.77862      0.82863    0.80285
    13       5               1            1          1
    13       6         0.95544      0.92887    0.94197
    13       7               1            1          1
    13       8         0.78732      0.91649    0.84701
    13       9         0.85272       0.9373    0.89301
    13      10         0.93225      0.81898    0.87195
    14       1         0.95284      0.92419     0.9383
    14       2         0.99561      0.96667    0.98093
    14       3         0.76923      0.97521    0.86006
    14       4         0.96957        0.825    0.89146
    14       5         0.78736      0.91667    0.84711
    14       6               1            1          1
    14       7           0.875      0.98739    0.92781
    14       8               1            1          1
    14       9               1            1          1
    14      10         0.87157      0.87157    0.87157
    15       1         0.86615      0.89593    0.88079
    15       2         0.99558      0.96154    0.97826
    15       3         0.77198      0.72706    0.74885
    15       4         0.83276       0.8573    0.84485
    15       5         0.86364      0.98718    0.92128
    15       6         0.80792      0.85288    0.82979
    15       7         0.78724      0.91613    0.84681
    15       8          0.7943      0.84171    0.81732
    15       9         0.91861      0.94948    0.93379
    15      10         0.87058      0.93696    0.90255
    16       1         0.94249       0.8701    0.90485
    16       2         0.87028      0.93611      0.902
    16       3         0.95833      0.99533    0.97648
    16       4         0.90442      0.94074    0.92222
    16       5         0.71648      0.80122    0.75649
    16       6         0.70948      0.89254    0.79055
    16       7               1            1          1
    16       8               1            1          1
    16       9               1            1          1
    16      10         0.94811      0.76087    0.84423
    17       1               1            1          1
    17       2         0.96667      0.99533    0.98079
    17       3               1            1          1
    17       4         0.92308      0.99091    0.95579
    17       5         0.91208      0.94545    0.92847
    17       6         0.91232      0.91232    0.91232
    17       7         0.73624      0.80655    0.76979
    17       8         0.87999      0.94091    0.90943
    17       9         0.88914      0.80298    0.84387
    17      10               1            1          1
    18       1         0.73148      0.77273    0.75154
    18       2          0.9537       0.9537     0.9537
    18       3         0.73148      0.77273    0.75154
    18       4         0.90741      0.90741    0.90741
    18       5         0.93981       0.8619    0.89918
    18       6         0.63889      0.66364    0.65103
    18       7          0.9537       0.9537     0.9537
    18       8         0.74074      0.84821    0.79084
    18       9               1            1          1
    18      10         0.95833      0.99541    0.97652
    19       1         0.88377      0.90956    0.89648
    19       2         0.99554      0.96154    0.97824
    19       3         0.99554      0.96154    0.97824
    19       4         0.83333      0.98276     0.9019
    19       5          0.7872      0.91595    0.84671
    19       6         0.99554      0.96154    0.97824
    19       7         0.91667      0.99123    0.95249
    19       8         0.87054      0.93684    0.90247
    19       9         0.92857      0.99107     0.9588
    19      10         0.91667      0.99123    0.95249

Mean Stats for all Users
   precision     recall     f_score
    _________    _______    _______

    0.87142      0.87684    0.87162
    0.81467       0.8404    0.82659
    0.86296      0.88011    0.87025
    0.81283      0.82167    0.81665
    0.77407      0.83678    0.80227
    0.92228      0.96813    0.94081
    0.83651       0.9073    0.86966
    0.82858       0.8458    0.83462
    0.85463      0.88909    0.86952
    0.86448      0.88402    0.87097
     0.8653      0.95145    0.90495
    0.80772       0.7962    0.80097
    0.90376      0.92749    0.91429
    0.92212      0.94667    0.93172
    0.85087      0.89262    0.87043
    0.90496      0.91969    0.90968
    0.92195      0.93944    0.93004
    0.85556      0.87294    0.86355
    0.91233      0.96033    0.93461

Mean Stats for all Gestures
    precision    recall     f_score
    _________    _______    _______

    0.84523      0.87106    0.85624
     0.9093      0.93062    0.91834
    0.83595       0.8666    0.84915
    0.86215      0.89689    0.87738
    0.83005      0.89372    0.85915
    0.85284      0.87648    0.86353
    0.87017      0.91282    0.88935
    0.81654      0.83629    0.82538
    0.90961      0.94896     0.9256
    0.89292      0.89129    0.89018

SVM model
    user  gesture    precision       recall    f_score
    ____  _______     _________     _______    _______

     1       1         0.84439      0.78421    0.81319
     1       2         0.64626      0.71078    0.67699
     1       3         0.92464      0.82823    0.87379
     1       4            0.99      0.91667    0.95192
     1       5         0.80808      0.86909    0.83747
     1       6               1            1          1
     1       7            0.75      0.98113    0.85014
     1       8          0.8648      0.89394    0.87913
     1       9         0.89116      0.82281    0.85562
     1      10          0.9949      0.96154    0.97793
     2       1         0.80416      0.83148    0.81759
     2       2           0.875      0.98624     0.9273
     2       3         0.61767      0.67825    0.64655
     2       4         0.76336      0.74542    0.75429
     2       5         0.76336      0.74542    0.75429
     2       6         0.82862       0.9261    0.87465
     2       7         0.81918      0.84494    0.83186
     2       8         0.68475      0.71759    0.70079
     2       9               1            1          1
     2      10         0.99057      0.92857    0.95857
     3       1          0.8287      0.92643    0.87484
     3       2         0.83333      0.98214    0.90164
     3       3         0.77315      0.79525    0.78404
     3       4         0.90741      0.90741    0.90741
     3       5         0.81944      0.84529    0.83217
     3       6         0.93519      0.83894    0.88445
     3       7         0.86574      0.89533    0.88029
     3       8         0.76852      0.76852    0.76852
     3       9         0.94444      0.88814    0.91543
     3      10          0.9537       0.9537     0.9537
     4       1         0.58441       0.6069    0.59544
     4       2         0.99561      0.96154    0.97828
     4       3         0.87946      0.87946    0.87946
     4       4         0.95711      0.95711    0.95711
     4       5         0.81696      0.92845    0.86915
     4       6         0.77851      0.82845     0.8027
     4       7         0.90789      0.90789    0.90789
     4       8         0.66886      0.64732    0.65791
     4       9         0.94518      0.88839     0.9159
     4      10          0.5943      0.61121    0.60263
     5       1         0.81481      0.81481    0.81481
     5       2         0.53704      0.70339    0.60906
     5       3         0.77315      0.79525    0.78404
     5       4         0.70833      0.67143    0.68939
     5       5            0.75      0.97368    0.84733
     5       6         0.81481      0.81481    0.81481
     5       7         0.87037      0.93636    0.90216
     5       8         0.77315      0.79525    0.78404
     5       9          0.8287      0.92643    0.87484
     5      10         0.87037      0.93636    0.90216
     6       1         0.99537      0.96875    0.98188
     6       2          0.9955      0.96154    0.97822
     6       3         0.83333      0.98261    0.90184
     6       4               1            1          1
     6       5               1            1          1
     6       6          0.8705      0.93673     0.9024
     6       7          0.9955      0.96154    0.97822
     6       8         0.90766      0.90766    0.90766
     6       9           0.625       0.9625    0.75787
     6      10               1            1          1
     7       1         0.74883      0.81538    0.78069
     7       2               1            1          1
     7       3         0.84104      0.88047     0.8603
     7       4         0.76538      0.91528    0.83365
     7       5         0.70653      0.84537    0.76974
     7       6         0.92857      0.99237    0.95941
     7       7         0.84615      0.98507    0.91034
     7       8         0.78047      0.79817    0.78922
     7       9         0.88077      0.94318    0.91091
     7      10         0.86737      0.89773    0.88229
     8       1         0.76477      0.91186    0.83186
     8       2         0.92576      0.79945    0.85798
     8       3          0.8149       0.7629    0.78805
     8       4         0.64045      0.74758    0.68988
     8       5         0.78724      0.91613    0.84681
     8       6          0.8283       0.8283     0.8283
     8       7         0.82891       0.9272     0.8753
     8       8         0.75623      0.73261    0.74423
     8       9         0.99558      0.96154    0.97826
     8      10         0.94368      0.87041    0.90557
     9       1         0.67411      0.87917     0.7631
     9       2               1            1          1
     9       3         0.68202      0.69684    0.68935
     9       4         0.76481      0.91208    0.83197
     9       5         0.95833      0.99565    0.97664
     9       6         0.84865      0.84865    0.84865
     9       7          0.9364       0.8392    0.88514
     9       8         0.72368      0.72368    0.72368
     9       9         0.95833      0.99565    0.97664
     9      10               1            1          1
    10       1         0.94373      0.86366    0.90192
    10       2         0.95833      0.99558     0.9766
    10       3         0.87054      0.93684    0.90247
    10       4         0.95703      0.95703    0.95703
    10       5         0.60714      0.67582    0.63965
    10       6         0.87054      0.93684    0.90247
    10       7         0.81101      0.78967     0.8002
    10       8         0.93601      0.83912    0.88492
    10       9         0.70833      0.97059    0.81898
    10      10         0.98214        0.875    0.92548
    11       1         0.88462       0.9876    0.93328
    11       2          0.9243      0.95306    0.93846
    11       3         0.76923      0.97581    0.86029
    11       4         0.83333      0.98374    0.90231
    11       5         0.80861      0.85399    0.83068
    11       6               1            1          1
    11       7         0.96154       0.9958    0.97837
    11       8         0.78326       0.8684    0.82364
    11       9         0.96154       0.9958    0.97837
    11      10         0.72653      0.90035    0.80415
    12       1         0.87159      0.79593    0.83204
    12       2               1            1          1
    12       3         0.87727      0.82171    0.84858
    12       4         0.94444      0.99444     0.9688
    12       5         0.93864      0.90334    0.92065
    12       6         0.48068      0.49014    0.48537
    12       7         0.67166      0.62443    0.64719
    12       8         0.79401      0.71312    0.75139
    12       9         0.95455      0.99432    0.97403
    12      10         0.54432      0.62456    0.58169
    13       1         0.92308      0.99138    0.95601
    13       2         0.80815      0.85326     0.8301
    13       3               1            1          1
    13       4         0.77862      0.82863    0.80285
    13       5               1            1          1
    13       6         0.95544      0.92887    0.94197
    13       7               1            1          1
    13       8         0.78732      0.91649    0.84701
    13       9         0.85272       0.9373    0.89301
    13      10         0.93225      0.81898    0.87195
    14       1         0.95284      0.92419     0.9383
    14       2         0.99561      0.96667    0.98093
    14       3         0.76923      0.97521    0.86006
    14       4         0.96957        0.825    0.89146
    14       5         0.78736      0.91667    0.84711
    14       6               1            1          1
    14       7           0.875      0.98739    0.92781
    14       8               1            1          1
    14       9               1            1          1
    14      10         0.87157      0.87157    0.87157
    15       1         0.86615      0.89593    0.88079
    15       2         0.99558      0.96154    0.97826
    15       3         0.77198      0.72706    0.74885
    15       4         0.83276       0.8573    0.84485
    15       5         0.86364      0.98718    0.92128
    15       6         0.80792      0.85288    0.82979
    15       7         0.78724      0.91613    0.84681
    15       8          0.7943      0.84171    0.81732
    15       9         0.91861      0.94948    0.93379
    15      10         0.87058      0.93696    0.90255
    16       1         0.94249       0.8701    0.90485
    16       2         0.87028      0.93611      0.902
    16       3         0.95833      0.99533    0.97648
    16       4         0.90442      0.94074    0.92222
    16       5         0.71648      0.80122    0.75649
    16       6         0.70948      0.89254    0.79055
    16       7               1            1          1
    16       8               1            1          1
    16       9               1            1          1
    16      10         0.94811      0.76087    0.84423
    17       1               1            1          1
    17       2         0.96667      0.99533    0.98079
    17       3               1            1          1
    17       4         0.92308      0.99091    0.95579
    17       5         0.91208      0.94545    0.92847
    17       6         0.91232      0.91232    0.91232
    17       7         0.73624      0.80655    0.76979
    17       8         0.87999      0.94091    0.90943
    17       9         0.88914      0.80298    0.84387
    17      10               1            1          1
    18       1         0.73148      0.77273    0.75154
    18       2          0.9537       0.9537     0.9537
    18       3         0.73148      0.77273    0.75154
    18       4         0.90741      0.90741    0.90741
    18       5         0.93981       0.8619    0.89918
    18       6         0.63889      0.66364    0.65103
    18       7          0.9537       0.9537     0.9537
    18       8         0.74074      0.84821    0.79084
    18       9               1            1          1
    18      10         0.95833      0.99541    0.97652
    19       1         0.88377      0.90956    0.89648
    19       2         0.99554      0.96154    0.97824
    19       3         0.99554      0.96154    0.97824
    19       4         0.83333      0.98276     0.9019
    19       5          0.7872      0.91595    0.84671
    19       6         0.99554      0.96154    0.97824
    19       7         0.91667      0.99123    0.95249
    19       8         0.87054      0.93684    0.90247
    19       9         0.92857      0.99107     0.9588
    19      10         0.91667      0.99123    0.95249

Mean Stats for all Users
    precision     recall    f_score
    _________    _______    _______

    0.87142      0.87684    0.87162
    0.81467       0.8404    0.82659
    0.86296      0.88011    0.87025
    0.81283      0.82167    0.81665
    0.77407      0.83678    0.80227
    0.92228      0.96813    0.94081
    0.83651       0.9073    0.86966
    0.82858       0.8458    0.83462
    0.85463      0.88909    0.86952
    0.86448      0.88402    0.87097
     0.8653      0.95145    0.90495
    0.80772       0.7962    0.80097
    0.90376      0.92749    0.91429
    0.92212      0.94667    0.93172
    0.85087      0.89262    0.87043
    0.90496      0.91969    0.90968
    0.92195      0.93944    0.93004
    0.85556      0.87294    0.86355
    0.91233      0.96033    0.93461

Mean Stats for all Gestures
   precision    recall     f_score
   _________     _______    _______

    0.84523      0.87106    0.85624
     0.9093      0.93062    0.91834
    0.83595       0.8666    0.84915
    0.86215      0.89689    0.87738
    0.83005      0.89372    0.85915
    0.85284      0.87648    0.86353
    0.87017      0.91282    0.88935
    0.81654      0.83629    0.82538
    0.90961      0.94896     0.9256
    0.89292      0.89129    0.89018

Decision Tree model-User_Independent_Analysis
   gesture    precision      recall    f_score
   _______    _________     _______    _______

     1         0.70203      0.70874    0.70537
     2         0.79295       0.7951    0.79402
     3         0.70525      0.70067    0.70295
     4         0.70832      0.71764    0.71295
     5          0.7246      0.72813    0.72636
     6         0.77478      0.76671    0.77073
     7          0.7258      0.72051    0.72314
     8         0.69133      0.71821    0.70452
     9         0.77151      0.78601    0.77869
    10         0.76312      0.78084    0.77188

SVM model-User_Independent_Analysis
  gesture    precision      recall     f_score
   _______   _________      _______    _______

     1         0.46715      0.48684    0.47679
     2         0.49277      0.49631    0.49454
     3         0.48226      0.48552    0.48389
     4             0.5      0.45058    0.47401
     5             0.5      0.45037    0.47389
     6         0.49801      0.49906    0.49854
     7         0.51619      0.52312    0.51963
     8             0.5      0.45101    0.47424
     9         0.54881      0.55534    0.55205
    10         0.53161      0.52202    0.52677

